Vernier Format 2
RKE_withMass.cmbl 3/20/2024 20:39:57 .
Latest
Time	GateState	STime	SDist	SVel	SAccel
t	State	stime	sdist	svel	saccel
s		s	m	m/s	m/s^2

0.029384	1	0.0427838	0	 	 
0.0424832	0	0.0693062	0.015	0.570172896196	0.347873370312
0.0561836	1	0.0954062	0.03	0.578333510207	0.277461036726
0.0689892	0	0.1211834	0.045	0.586264593268	0.337895407034
0.0824288	1	0.1465832	0.06	0.595183810477	0.36441069052
0.0950836	0	0.171594	0.075	0.604109400894	0.349328207687
0.1083836	1	0.1962482	0.09	0.611736275126	0.269379698589
0.1208108	0	0.2206376	0.105	0.619399247453	0.359005774349
0.1339832	1	0.244687	0.12	0.628975134996	0.437345697437
0.1462276	0	0.2683408	0.135	0.639046166321	0.414190320104
0.1591832	1	0.2916374	0.15	0.649485445473	0.482015920429
0.1712892	0	0.314538	0.165	0.658645143013	0.317936704399
0.1840048	1	0.3371882	0.18	0.665271802178	0.267193595948
0.1959008	0	0.3596342	0.195	0.67199965128	0.332276162789
0.2084916	1	0.3818338	0.21	0.67876685794	0.277393079876
0.2202812	0	0.4038338	0.225	0.684960069464	0.285626149645
0.2327836	1	0.4256338	0.24	0.691741750999	0.336546468216
0.2443832	0	0.447205	0.255	0.698822991119	0.31999930764
0.2565904	1	0.4685652	0.27	0.706117174452	0.362970265035
0.2680832	0	0.4896934	0.285	0.715424165502	0.518031528788
0.2800912	1	0.5105032	0.3	0.72588210145	0.487065679987
0.291384	0	0.5310264	0.315	0.733453291108	0.250751975926
0.3031836	1	0.5514066	0.33	0.737889861103	0.184628441874
0.3142832	0	0.5716834	0.345	0.743637613082	0.382300459959
0.3258924	1	0.591751	0.36	0.750630571757	0.314639749711
0.3368948	0	0.6116512	0.375	0.756016030942	0.226606989961
0.348484	1	0.6314334	0.39	0.760820563201	0.259135976864
0.3592836	0	0.6510832	0.405	0.767027338644	0.372603322612
0.3707844	1	0.6705472	0.42	0.774960825405	0.442592604265
0.3815836	0	0.6897972	0.435	0.783616834585	0.456733024809
0.3928832	1	0.7088336	0.45	0.792949178713	0.523740607681
0.4035256	0	0.7276336	0.465	0.801102488196	0.343632741512
0.4147844	1	0.7462832	0.48	0.806471847192	0.232182181713
0.4252832	0	0.7648332	0.495	0.81140871434	0.300094599728
0.4364832	1	0.7832568	0.51	0.816927373307	0.298991243096
0.4468832	0	0.801557	0.525	0.822212845828	0.278649713957
0.4579268	1	0.8197444	0.54	0.826742838249	0.219496521459
0.468284	0	0.8378444	0.555	0.831293956942	0.283389521955
0.4792036	1	0.8558334	0.57	0.83808757566	0.471918579455
0.4894836	0	0.873642	0.585	0.845848248706	0.399646063051
0.5001832	1	0.891302	0.6	0.853495290309	0.466383563517
0.5102836	0	0.9087932	0.615	0.86115321583	0.40924824238
0.5208232	1	0.9261402	0.63	0.86461811479	-0.00976718399193
0.5307832	0	0.9434906	0.645	0.865965533837	0.165085683509
0.5412296	1	0.9607838	0.66	0.871029321927	0.420553537699
0.551116	0	0.9779338	0.675	0.876834770264	0.256466676512
0.5615836	1	0.9949982	0.69	0.879404681157	0.0447347595993
0.5713836	0	1.0120478	0.705	0.880982892541	0.140397018721
0.5817832	1	1.0290512	0.72	0.886210306424	0.474469876482
0.5914832	0	1.0459012	0.735	0.895849265128	0.669620177329
0.6017188	1	1.0625416	0.75	0.908983363297	0.90895944445
0.6113836	0	1.0789096	0.765	0.922532378812	0.746589860906
0.6215836	1	1.0950636	0.78	0.932109055838	0.439082669281
0.6311828	0	1.1110956	0.795	0.936559434985	0.116104350093
0.6412832	1	1.1270958	0.81	0.933143592837	-0.543079281426
0.6507836	0	1.1432464	0.825	0.915114996084	-1.68948133585
0.6608832	1	1.1598936	0.84	0.886823922771	-1.70941737549
0.6702836	0	1.177093	0.855	0.864929242801	-0.836564457572
0.6802112	1	1.1945834	0.87	0.854941739594	-0.305490979309
0.6895832	0	1.2121838	0.885	0.853020496333	0.0871728431799
0.6993832	1	1.2297526	0.9	0.854248676269	0.0526409102939
0.7085948	0	1.2473024	0.915	0.853952865416	-0.0863519329658
0.718284	1	1.2648834	0.93	0.852728669583	-0.0529115711682
0.7273852	0	1.2824836	0.945	0.851062398322	-0.13643528405
0.7369832	1	1.3001336	0.96	0.847480620726	-0.26943186565
0.7460088	0	1.3178832	0.975	0.844571453485	-0.0583690133428
0.7555832	1	1.3356546	0.99	0.843375261772	-0.076250849275
0.7645168	0	1.3534546	1.005	0.842011837275	-0.0769429143844
0.7740832	1	1.3712836	1.02	0.842002353686	0.0758790757603
0.7830152	0	1.389084	1.035	0.842691895468	0.00159578795747
0.7924304	1	1.4068838	1.05	0.844569493175	0.209372616911
0.8012832	0	1.4246054	1.065	0.845743351189	-0.0768949608562
0.8106836	1	1.4423556	1.08	0.842798798423	-0.254881894258
0.8194836	0	1.4602016	1.095	0.841232753639	0.0793753623925
0.8288052	1	1.4780176	1.11	0.839225461104	-0.304711300312
0.8375836	0	1.4959496	1.125	0.834134532104	-0.263092514061
0.8468836	1	1.5139836	1.14	0.833437273028	0.185765345873
0.8555824	0	1.5319454	1.155	0.834938337283	-0.0186257212589
0.8647832	1	1.5499144	1.17	0.834108254294	-0.0737648390037
0.8734004	0	1.567912	1.185	0.834999816583	0.172840525566
0.8825008	1	1.5858428	1.2	0.836946527396	0.0442954430693
0.8910832	0	1.6037566	1.215	0.837179772887	-0.0182545705109
0.9001032	1	1.6216774	1.23	0.835714532866	-0.145269381662
0.9085944	0	1.6396542	1.245	0.832047909538	-0.262658984736
0.9174832	1	1.6577336	1.26	0.830349790768	0.0748077540448
0.9258836	0	1.6757836	1.275	0.829741783809	-0.142176946163
0.9347972	1	1.6938896	1.29	0.825199177744	-0.35960213973
0.9431864	0	1.7121396	1.305	0.823189203233	0.139330960367
0.952184	1	1.7303334	1.32	0.826125277875	0.183424554431
0.9605832	0	1.748454	1.335	0.827112717656	-0.0744392249168
0.9693836	1	1.7666042	1.35	0.827699644775	0.139113676886
0.977684	0	1.7846992	1.365	0.828546587167	-0.0455030228546
0.986484	1	1.8028122	1.38	0.826511875943	-0.179165582552
0.9947108	0	1.8209966	1.395	0.82370399634	-0.129657320863
1.0035124	1	1.8392332	1.41	0.821099408958	-0.155986645929
1.0117832	0	1.8575332	1.425	0.818552492644	-0.122364863815
1.0205832	1	1.8758834	1.44	0.816325086043	-0.120401602021
1.0287832	0	1.8942834	1.455	0.815825731992	0.0661239877848
1.0375192	1	1.912656	1.47	0.816704505989	0.0295373771397
1.0456868	0	1.9310164	1.485	0.817492805528	0.0563321616324
1.0542832	1	1.9493536	1.5	0.819075139979	0.11624974295
1.0623832	0	1.9676432	1.515	0.819012863702	-0.123059763548
1.0708	1	1.9859832	1.53	0.817305892878	-0.0630875455223
1.0787056	0	2.0043492	1.545	0.815628170264	-0.119611203698
1.0870192	1	2.0227648	1.56	0.811929108142	-0.282120167756
1.094882	0	2.041299	1.575	0.808214431863	-0.118725434319
1.103108	1	2.0598838	1.59	0.806720897752	-0.042000977711
1.1108832	0	2.0784866	1.605	0.806386589604	0.00605927564322
1.1190832	1	2.0970868	1.62	0.807461328137	0.109502764842
1.1268836	0	2.1156402	1.635	0.809483131377	0.108441465305
1.1351084	1	2.1341476	1.65	0.810784734166	0.0322160867391
1.1428976	0	2.1526414	1.665	0.810025447389	-0.114328662577
1.1513844	1	2.1711836	1.68	0.80829963046	-0.071821516851
1.1595832	0	2.1897564	1.695	0.806817631423	-0.087766594501
1.1684028	1	2.2083668	1.71	0.803495327742	-0.269270726709
1.17673	0	2.227094	1.725	0.799646184788	-0.141804388992
1.1857832	1	2.2458836	1.74	0.798097453483	-0.0230454540421
1.1942836	0	2.2646834	1.755	0.797880828519	6.25983471155E-13
1.2033836	1	2.2834832	1.77	0.79879217405	0.096952683641
1.2119836	0	2.3022402	1.785	0.800535423154	0.088924493231
1.220984	1	2.3209582	1.8	0.801706316289	0.036184293496
1.2294996	0	2.3396604	1.815	0.801407216477	-0.0681698151487
1.2385212	1	2.3583924	1.83	0.799327391712	-0.153891338493
1.2470104	0	2.3771922	1.845	0.796701980451	-0.125410703107
1.2560836	1	2.3960478	1.86	0.793659553652	-0.197297330479
1.2645832	0	2.4149922	1.875	0.790609041344	-0.124751645243
1.2736832	1	2.4339934	1.89	0.788479977456	-0.0993461894169
1.2821832	0	2.4530402	1.905	0.787604173201	0.00738278816653
1.291284	1	2.4720836	1.92	0.789180353694	0.158152829765
1.2998832	0	2.4910546	1.935	0.791123044685	0.0466535579478
1.3089832	1	2.5100044	1.95	0.791996033304	0.0454834164944
1.317584	0	2.5289336	1.965	0.791987688321	-0.0463651213148
1.3267832	1	2.5478838	1.98	0.790516534715	-0.108900111319
1.3353836	0	2.5668836	1.995	0.788410181785	-0.112823583666
1.344526	1	2.5859352	2.01	0.785313773322	-0.212231368484
1.3531836	0	2.6050854	2.025	0.782133278209	-0.119931753891
1.3623832	1	2.624292	2.04	0.780110229725	-0.0907300481398
1.3709832	0	2.6435416	2.055	0.779394941827	0.0164128781103
1.380184	1	2.6627834	2.07	0.780402346949	0.0882971928429
1.3888816	0	2.6819834	2.085	0.782275339363	0.106806183621
1.397984	1	2.7011332	2.1	0.784271025689	0.101622763585
1.406596	0	2.7202356	2.115	0.784266945525	-0.102049952242
1.4157836	1	2.7393856	2.13	0.78192268565	-0.142781366297
1.4243052	0	2.7586028	2.145	0.778880013891	-0.17387993286
1.4334272	1	2.7779028	2.16	0.775593303814	-0.16671178499
1.4420848	0	2.7972832	2.175	0.773229214368	-0.0772552585511
1.451284	1	2.8167012	2.19	0.771678056485	-0.0825096897957
1.4599836	0	2.8361596	2.205	0.770404729588	-0.048367144548
1.4691192	1	2.8556418	2.22	0.770734370485	0.082207357316
1.4777276	0	2.8750836	2.235	0.773046369646	0.155630616639
1.486916	1	2.8944496	2.25	0.7748696926	0.032670834776
1.4956832	0	2.9137998	2.265	0.774510527837	-0.0697934240213
1.5049832	1	2.9331838	2.28	0.772531292906	-0.13441983748
1.5137008	0	2.9526334	2.295	0.770032141259	-0.122567622106
1.522984	1	2.9721434	2.31	0.767075370326	-0.180535497653
1.531584	0	2.9917434	2.325	0.764105279386	-0.122535006425
1.5409068	1	3.0114052	2.34	0.762714540749	-0.0189310483094
1.5496188	0	3.0310766	2.355	0.761432215039	-0.111443577777
1.558922	1	3.0508048	2.37	0.752535028665	-0.790532920232
1.5677236	0	3.0709506	2.385	0.747299668528	0.270785862585
1.576902	1	3.0909504	2.4	 	 
1.5855836	0	3.1103832	 	 	 
1.5947836	1	 	 	 	 
1.6034956	0	 	 	 	 
1.6127296	1	 	 	 	 
1.6214276	0	 	 	 	 
1.6306252	1	 	 	 	 
1.6393836	0	 	 	 	 
1.6486832	1	 	 	 	 
1.6574184	0	 	 	 	 
1.666784	1	 	 	 	 
1.675484	0	 	 	 	 
1.6847832	1	 	 	 	 
1.6936008	0	 	 	 	 
1.702996	1	 	 	 	 
1.7118076	0	 	 	 	 
1.7212832	1	 	 	 	 
1.7299832	0	 	 	 	 
1.7393836	1	 	 	 	 
1.7482812	0	 	 	 	 
1.7575244	1	 	 	 	 
1.7663832	0	 	 	 	 
1.775684	1	 	 	 	 
1.7843832	0	 	 	 	 
1.7937144	1	 	 	 	 
1.8025832	0	 	 	 	 
1.81191	1	 	 	 	 
1.8206836	0	 	 	 	 
1.8300832	1	 	 	 	 
1.8389836	0	 	 	 	 
1.8483832	1	 	 	 	 
1.8572148	0	 	 	 	 
1.8666832	1	 	 	 	 
1.8755832	0	 	 	 	 
1.8850836	1	 	 	 	 
1.8939832	0	 	 	 	 
1.9034832	1	 	 	 	 
1.9123832	0	 	 	 	 
1.9218288	1	 	 	 	 
1.9307832	0	 	 	 	 
1.940204	1	 	 	 	 
1.949114	0	 	 	 	 
1.9585032	1	 	 	 	 
1.9673832	0	 	 	 	 
1.9767832	1	 	 	 	 
1.9856904	0	 	 	 	 
1.9951832	1	 	 	 	 
2.00402	0	 	 	 	 
2.0135152	1	 	 	 	 
2.0224952	0	 	 	 	 
2.0320144	1	 	 	 	 
2.0410036	0	 	 	 	 
2.0505836	1	 	 	 	 
2.0595836	0	 	 	 	 
2.069184	1	 	 	 	 
2.07813	0	 	 	 	 
2.0877892	1	 	 	 	 
2.0967836	0	 	 	 	 
2.1063844	1	 	 	 	 
2.115384	0	 	 	 	 
2.124896	1	 	 	 	 
2.133894	0	 	 	 	 
2.1433992	1	 	 	 	 
2.1523836	0	 	 	 	 
2.1618836	1	 	 	 	 
2.1708832	0	 	 	 	 
2.1804836	1	 	 	 	 
2.1894812	0	 	 	 	 
2.1990292	1	 	 	 	 
2.2080932	0	 	 	 	 
2.2177044	1	 	 	 	 
2.226804	0	 	 	 	 
2.2364836	1	 	 	 	 
2.2455832	0	 	 	 	 
2.2552836	1	 	 	 	 
2.2643256	0	 	 	 	 
2.2740832	1	 	 	 	 
2.2831832	0	 	 	 	 
2.2928832	1	 	 	 	 
2.3019832	0	 	 	 	 
2.3115972	1	 	 	 	 
2.3206908	0	 	 	 	 
2.3303192	1	 	 	 	 
2.3393892	0	 	 	 	 
2.3490016	1	 	 	 	 
2.3580988	0	 	 	 	 
2.3677832	1	 	 	 	 
2.3768832	0	 	 	 	 
2.3866012	1	 	 	 	 
2.395784	0	 	 	 	 
2.4054944	1	 	 	 	 
2.4146984	0	 	 	 	 
2.42449	1	 	 	 	 
2.4336832	0	 	 	 	 
2.4434968	1	 	 	 	 
2.4526992	0	 	 	 	 
2.4625836	1	 	 	 	 
2.4717836	0	 	 	 	 
2.4815836	1	 	 	 	 
2.4907932	0	 	 	 	 
2.5005256	1	 	 	 	 
2.509726	0	 	 	 	 
2.5194832	1	 	 	 	 
2.5286268	0	 	 	 	 
2.538384	1	 	 	 	 
2.5475836	0	 	 	 	 
2.5573836	1	 	 	 	 
2.5665832	0	 	 	 	 
2.5763836	1	 	 	 	 
2.5856832	0	 	 	 	 
2.5954868	1	 	 	 	 
2.6047868	0	 	 	 	 
2.614684	1	 	 	 	 
2.6239836	0	 	 	 	 
2.6339	1	 	 	 	 
2.6432032	0	 	 	 	 
2.6531832	1	 	 	 	 
2.6624832	0	 	 	 	 
2.6723836	1	 	 	 	 
2.68171	0	 	 	 	 
2.6915832	1	 	 	 	 
2.7008832	0	 	 	 	 
2.7106832	1	 	 	 	 
2.7199844	0	 	 	 	 
2.729788	1	 	 	 	 
2.739086	0	 	 	 	 
2.7489832	1	 	 	 	 
2.7582832	0	 	 	 	 
2.7682224	1	 	 	 	 
2.7776104	0	 	 	 	 
2.7875832	1	 	 	 	 
2.7969832	0	 	 	 	 
2.8069832	1	 	 	 	 
2.8163832	0	 	 	 	 
2.8264192	1	 	 	 	 
2.8358288	0	 	 	 	 
2.8459	1	 	 	 	 
2.8553144	0	 	 	 	 
2.8653836	1	 	 	 	 
2.8748004	0	 	 	 	 
2.8847836	1	 	 	 	 
2.8941836	0	 	 	 	 
2.9041156	1	 	 	 	 
2.9134968	0	 	 	 	 
2.923484	1	 	 	 	 
2.9328832	0	 	 	 	 
2.9428836	1	 	 	 	 
2.9522844	0	 	 	 	 
2.9623832	1	 	 	 	 
2.9718836	0	 	 	 	 
2.9819036	1	 	 	 	 
2.9914264	0	 	 	 	 
3.0015832	1	 	 	 	 
3.0110832	0	 	 	 	 
3.0212272	1	 	 	 	 
3.0307832	0	 	 	 	 
3.040926	1	 	 	 	 
3.0504836	0	 	 	 	 
3.0606836	1	 	 	 	 
3.0708832	0	 	 	 	 
3.0812176	1	 	 	 	 
3.0906836	0	 	 	 	 
3.1006832	1	 	 	 	 
3.1101004	0	 	 	 	 
3.1200832	1	 	 	 	 
